340.000      200.000
340.000      240.000
260.000      280.000
180.000      300.000
200.000      360.000
220.000      360.000
260.000      320.000
280.000      320.000
280.000      380.000
360.000      320.000
380.000      300.000
400.000      320.000
420.000      340.000
420.000      380.000
420.000      400.000
360.000      440.000
360.000      380.000
380.000      360.000
280.000      400.000
260.000      480.000
180.000      400.000
140.000      340.000
140.000      300.000
180.000      280.000
180.000      260.000
200.000      220.000
220.000      200.000
300.000      180.000
260.000      240.000
323.984      286.386
400.000      260.000
315.067      415.435
142.170      440.740
 92.650      275.400
158.950      265.020
180.510      196.330
260.000      240.000
